Amsterdam:52.379189,4.899431
Budapest:47.49801,19.03991
Debrecen:47.53333,21.63333
Luxembourg:49.611622,6.131935
Pécs:46.08333,18.23333
Prague:50.08804,14.42076
München:48.137154,11.576124
Wienna:48.210033,16.363449